Date de intrare:
20
-1 2
-1 1 2
6
0.25
0.2
50

Populatia initiala:
 1:  0 1 1 0 0 1 1 0 1 1 1 0 0 1 0 1 1 1 1 0 0 1  x= 0.685881 codificat: 1685881 f= 2.215448253839
 2:  1 0 0 0 0 1 0 1 0 0 0 0 1 0 1 0 1 0 0 0 1 0  x= 1.179746 codificat: 2179746 f= 1.787945375484
 3:  0 0 1 1 1 1 1 1 1 1 0 0 1 1 0 1 1 1 1 0 0 1  x= 0.045369 codificat: 1045369 f= 2.043310653839
 4:  1 0 1 0 0 1 1 1 1 0 1 0 1 1 1 0 0 0 1 1 0 0  x= 1.747276 codificat: 2747276 f= 0.694302579824
 5:  0 0 0 0 0 0 0 1 0 0 0 1 1 1 1 1 0 1 0 1 0 0  x= -0.981612 codificat: 18388 f= 0.0548258814559999
 6:  0 1 1 0 1 1 0 0 1 1 0 1 1 1 1 1 1 0 1 1 0 1  x= 0.783789 codificat: 1783789 f= 2.169463803479
 7:  1 0 0 1 1 1 1 1 1 1 0 0 0 0 0 0 0 1 1 0 1 1  x= 1.617371 codificat: 2617371 f= 1.001482048359
 8:  0 1 0 1 1 1 1 0 0 1 1 0 1 0 0 0 0 1 1 1 1 1  x= 0.546783 codificat: 1546783 f= 2.247811350911
 9:  1 0 1 0 1 1 1 1 1 0 1 0 1 1 1 1 1 1 0 1 1 0  x= 1.878454 codificat: 2878454 f= 0.349864569884
10:  1 0 1 1 0 0 1 0 1 0 1 0 0 0 1 1 0 0 0 1 0 0  x= 1.926788 codificat: 2926788 f= 0.214276003056
11:  0 0 0 1 1 1 1 1 0 0 0 1 0 0 0 0 1 0 0 0 0 0  x= -0.49104 codificat: 508960 f= 1.2678397184
12:  0 1 1 1 1 0 0 1 0 0 1 1 0 0 0 0 1 1 0 1 1 1  x= 0.985591 codificat: 1985591 f= 2.014201380719
13:  0 0 1 1 1 0 1 0 0 0 0 0 1 1 1 0 1 0 0 1 0 0  x= -0.048796 codificat: 951204 f= 1.948822950384
14:  0 1 1 0 0 0 0 0 1 1 0 1 0 1 1 1 1 1 1 1 0 0  x= 0.586684 codificat: 1586684 f= 2.242485884144
15:  1 0 0 0 0 0 0 0 0 1 1 1 1 0 1 0 0 0 1 0 1 0  x= 1.10497 codificat: 2104970 f= 1.8840112991
16:  1 0 0 1 0 0 0 0 0 1 1 1 0 0 0 1 1 0 0 0 1 1  x= 1.366563 codificat: 2366563 f= 1.499068567031
17:  0 0 1 0 1 1 1 0 1 1 0 0 0 1 0 0 1 1 0 0 1 1  x= -0.233741 codificat: 766259 f= 1.711624144919
18:  0 0 0 0 1 1 0 1 1 0 0 1 0 0 1 1 0 0 0 0 1 1  x= -0.777597 codificat: 222403 f= 0.617745905591
19:  0 1 1 0 1 0 0 1 0 0 1 1 1 0 0 1 1 0 1 0 1 0  x= 0.72401 codificat: 1724010 f= 2.1998195199
20:  0 0 1 1 1 1 0 0 0 1 1 0 1 1 0 0 1 1 0 0 1 1  x= -0.009997 codificat: 990003 f= 1.989903059991

SELECTIE
Probabilitati de selectie:
0.0734705070455484 0.0592933069318708 0.0677619391601606 0.0230250300336776 0.00181818072383837 0.0719455330912682 0.033
2119668163991 0.074543758540962 0.0116024950265068 0.00710599607322712 0.0420451377286389 0.0667965936359996 0.064628460
6551318 0.0743671510562475 0.0624791236647311 0.0497133379328367 0.0567622798594785 0.0204861949857939 0.072952214187663
5 0.0659907928500196

Intervale probabilitati de selectie:
0 0.0734705070455484 0.132763813977419 0.20052575313758 0.223550783171257 0.225368963895096 0.297314496986364 0.33052646
3802763 0.405070222343725 0.416672717370232 0.423778713443459 0.465823851172098 0.532620444808098 0.597248905463229 0.67
1616056519477 0.734095180184208 0.783808518117045 0.840570797976523 0.861056992962317 0.93400920714998 1

random: 0.260383933782578 selectam cromozomul: 6
random: 0.804376363754272 selectam cromozomul: 17
random: 0.30454421043396 selectam cromozomul: 7
random: 0.311410874128342 selectam cromozomul: 7
random: 0.556993305683136 selectam cromozomul: 13
random: 0.156010627746582 selectam cromozomul: 3
random: 0.448957800865173 selectam cromozomul: 11
random: 0.508499383926392 selectam cromozomul: 12
random: 0.389324635267258 selectam cromozomul: 8
random: 0.444776743650436 selectam cromozomul: 11
random: 0.0552995391190052 selectam cromozomul: 1
random: 0.78127384185791 selectam cromozomul: 16
random: 0.766197681427002 selectam cromozomul: 16
random: 0.316782116889954 selectam cromozomul: 7
random: 0.668111205101013 selectam cromozomul: 14
random: 0.547654628753662 selectam cromozomul: 13
random: 0.77990049123764 selectam cromozomul: 16
random: 0.95626699924469 selectam cromozomul: 20
random: 0.850276172161102 selectam cromozomul: 18
random: 0.271523177623749 selectam cromozomul: 6

Populatia dupa selectie:
 1:  0 1 1 0 1 1 0 0 1 1 0 1 1 1 1 1 1 0 1 1 0 1  x= 0.783789 codificat: 1783789 f= 2.169463803479
 2:  0 0 1 0 1 1 1 0 1 1 0 0 0 1 0 0 1 1 0 0 1 1  x= -0.233741 codificat: 766259 f= 1.711624144919
 3:  1 0 0 1 1 1 1 1 1 1 0 0 0 0 0 0 0 1 1 0 1 1  x= 1.617371 codificat: 2617371 f= 1.001482048359
 4:  1 0 0 1 1 1 1 1 1 1 0 0 0 0 0 0 0 1 1 0 1 1  x= 1.617371 codificat: 2617371 f= 1.001482048359
 5:  0 0 1 1 1 0 1 0 0 0 0 0 1 1 1 0 1 0 0 1 0 0  x= -0.048796 codificat: 951204 f= 1.948822950384
 6:  0 0 1 1 1 1 1 1 1 1 0 0 1 1 0 1 1 1 1 0 0 1  x= 0.045369 codificat: 1045369 f= 2.043310653839
 7:  0 0 0 1 1 1 1 1 0 0 0 1 0 0 0 0 1 0 0 0 0 0  x= -0.49104 codificat: 508960 f= 1.2678397184
 8:  0 1 1 1 1 0 0 1 0 0 1 1 0 0 0 0 1 1 0 1 1 1  x= 0.985591 codificat: 1985591 f= 2.014201380719
 9:  0 1 0 1 1 1 1 0 0 1 1 0 1 0 0 0 0 1 1 1 1 1  x= 0.546783 codificat: 1546783 f= 2.247811350911
10:  0 0 0 1 1 1 1 1 0 0 0 1 0 0 0 0 1 0 0 0 0 0  x= -0.49104 codificat: 508960 f= 1.2678397184
11:  0 1 1 0 0 1 1 0 1 1 1 0 0 1 0 1 1 1 1 0 0 1  x= 0.685881 codificat: 1685881 f= 2.215448253839
12:  1 0 0 1 0 0 0 0 0 1 1 1 0 0 0 1 1 0 0 0 1 1  x= 1.366563 codificat: 2366563 f= 1.499068567031
13:  1 0 0 1 0 0 0 0 0 1 1 1 0 0 0 1 1 0 0 0 1 1  x= 1.366563 codificat: 2366563 f= 1.499068567031
14:  1 0 0 1 1 1 1 1 1 1 0 0 0 0 0 0 0 1 1 0 1 1  x= 1.617371 codificat: 2617371 f= 1.001482048359
15:  0 1 1 0 0 0 0 0 1 1 0 1 0 1 1 1 1 1 1 1 0 0  x= 0.586684 codificat: 1586684 f= 2.242485884144
16:  0 0 1 1 1 0 1 0 0 0 0 0 1 1 1 0 1 0 0 1 0 0  x= -0.048796 codificat: 951204 f= 1.948822950384
17:  1 0 0 1 0 0 0 0 0 1 1 1 0 0 0 1 1 0 0 0 1 1  x= 1.366563 codificat: 2366563 f= 1.499068567031
18:  0 0 1 1 1 1 0 0 0 1 1 0 1 1 0 0 1 1 0 0 1 1  x= -0.009997 codificat: 990003 f= 1.989903059991
19:  0 0 0 0 1 1 0 1 1 0 0 1 0 0 1 1 0 0 0 0 1 1  x= -0.777597 codificat: 222403 f= 0.617745905591
20:  0 1 1 0 1 1 0 0 1 1 0 1 1 1 1 1 1 0 1 1 0 1  x= 0.783789 codificat: 1783789 f= 2.169463803479

INCRUCISARE:
1: 0 1 1 0 1 1 0 0 1 1 0 1 1 1 1 1 1 0 1 1 0 1 nr= 0.0802941992878914 < 0.25 => participa
2: 0 0 1 0 1 1 1 0 1 1 0 0 0 1 0 0 1 1 0 0 1 1 nr= 0.789330720901489
3: 1 0 0 1 1 1 1 1 1 1 0 0 0 0 0 0 0 1 1 0 1 1 nr= 0.69713431596756
4: 1 0 0 1 1 1 1 1 1 1 0 0 0 0 0 0 0 1 1 0 1 1 nr= 0.0463881343603134 < 0.25 => participa
5: 0 0 1 1 1 0 1 0 0 0 0 0 1 1 1 0 1 0 0 1 0 0 nr= 0.748771607875824
6: 0 0 1 1 1 1 1 1 1 1 0 0 1 1 0 1 1 1 1 0 0 1 nr= 0.986419260501862
7: 0 0 0 1 1 1 1 1 0 0 0 1 0 0 0 0 1 0 0 0 0 0 nr= 0.95364236831665
8: 0 1 1 1 1 0 0 1 0 0 1 1 0 0 0 0 1 1 0 1 1 1 nr= 0.368388921022415
9: 0 1 0 1 1 1 1 0 0 1 1 0 1 0 0 0 0 1 1 1 1 1 nr= 0.603961288928986
10: 0 0 0 1 1 1 1 1 0 0 0 1 0 0 0 0 1 0 0 0 0 0 nr= 0.670033872127533
11: 0 1 1 0 0 1 1 0 1 1 1 0 0 1 0 1 1 1 1 0 0 1 nr= 0.0163884405046701 < 0.25 => participa
12: 1 0 0 1 0 0 0 0 0 1 1 1 0 0 0 1 1 0 0 0 1 1 nr= 0.255104213953018
13: 1 0 0 1 0 0 0 0 0 1 1 1 0 0 0 1 1 0 0 0 1 1 nr= 0.470625936985016
14: 1 0 0 1 1 1 1 1 1 1 0 0 0 0 0 0 0 1 1 0 1 1 nr= 0.233680233359337 < 0.25 => participa
15: 0 1 1 0 0 0 0 0 1 1 0 1 0 1 1 1 1 1 1 1 0 0 nr= 0.601916551589966
16: 0 0 1 1 1 0 1 0 0 0 0 0 1 1 1 0 1 0 0 1 0 0 nr= 0.366283148527145
17: 1 0 0 1 0 0 0 0 0 1 1 1 0 0 0 1 1 0 0 0 1 1 nr= 0.442335277795792
18: 0 0 1 1 1 1 0 0 0 1 1 0 1 1 0 0 1 1 0 0 1 1 nr= 0.678487479686737
19: 0 0 0 0 1 1 0 1 1 0 0 1 0 0 1 1 0 0 0 0 1 1 nr= 0.361735880374908
20: 0 1 1 0 1 1 0 0 1 1 0 1 1 1 1 1 1 0 1 1 0 1 nr= 0.282692939043045

1 cu 4 => 0 1 1 0 1 1 0 0 1 1 0 1 1 1 1 1 1 0 1 1 0 1   1 0 0 1 1 1 1 1 1 1 0 0 0 0 0 0 0 1 1 0 1 1  breakpoint: 9
Rezultat: 1 0 0 1 1 1 1 1 1 1 0 1 1 1 1 1 1 0 1 1 0 1   0 1 1 0 1 1 0 0 1 1 0 0 0 0 0 0 0 1 1 0 1 1
11 cu 14 => 0 1 1 0 0 1 1 0 1 1 1 0 0 1 0 1 1 1 1 0 0 1   1 0 0 1 1 1 1 1 1 1 0 0 0 0 0 0 0 1 1 0 1 1  breakpoint: 2
Rezultat: 1 0 1 0 0 1 1 0 1 1 1 0 0 1 0 1 1 1 1 0 0 1   0 1 0 1 1 1 1 1 1 1 0 0 0 0 0 0 0 1 1 0 1 1

Populatia dupa incrucisare:
 1:  1 0 0 1 1 1 1 1 1 1 0 1 1 1 1 1 1 0 1 1 0 1  x= 1.619373 codificat: 2619373 f= 0.997004086871
 2:  0 0 1 0 1 1 1 0 1 1 0 0 0 1 0 0 1 1 0 0 1 1  x= -0.233741 codificat: 766259 f= 1.711624144919
 3:  1 0 0 1 1 1 1 1 1 1 0 0 0 0 0 0 0 1 1 0 1 1  x= 1.617371 codificat: 2617371 f= 1.001482048359
 4:  0 1 1 0 1 1 0 0 1 1 0 0 0 0 0 0 0 1 1 0 1 1  x= 0.781787 codificat: 1781787 f= 2.170596086631
 5:  0 0 1 1 1 0 1 0 0 0 0 0 1 1 1 0 1 0 0 1 0 0  x= -0.048796 codificat: 951204 f= 1.948822950384
 6:  0 0 1 1 1 1 1 1 1 1 0 0 1 1 0 1 1 1 1 0 0 1  x= 0.045369 codificat: 1045369 f= 2.043310653839
 7:  0 0 0 1 1 1 1 1 0 0 0 1 0 0 0 0 1 0 0 0 0 0  x= -0.49104 codificat: 508960 f= 1.2678397184
 8:  0 1 1 1 1 0 0 1 0 0 1 1 0 0 0 0 1 1 0 1 1 1  x= 0.985591 codificat: 1985591 f= 2.014201380719
 9:  0 1 0 1 1 1 1 0 0 1 1 0 1 0 0 0 0 1 1 1 1 1  x= 0.546783 codificat: 1546783 f= 2.247811350911
10:  0 0 0 1 1 1 1 1 0 0 0 1 0 0 0 0 1 0 0 0 0 0  x= -0.49104 codificat: 508960 f= 1.2678397184
11:  1 0 1 0 0 1 1 0 1 1 1 0 0 1 0 1 1 1 1 0 0 1  x= 1.734457 codificat: 2734457 f= 0.726115915151
12:  1 0 0 1 0 0 0 0 0 1 1 1 0 0 0 1 1 0 0 0 1 1  x= 1.366563 codificat: 2366563 f= 1.499068567031
13:  1 0 0 1 0 0 0 0 0 1 1 1 0 0 0 1 1 0 0 0 1 1  x= 1.366563 codificat: 2366563 f= 1.499068567031
14:  0 1 0 1 1 1 1 1 1 1 0 0 0 0 0 0 0 1 1 0 1 1  x= 0.568795 codificat: 1568795 f= 2.245267247975
15:  0 1 1 0 0 0 0 0 1 1 0 1 0 1 1 1 1 1 1 1 0 0  x= 0.586684 codificat: 1586684 f= 2.242485884144
16:  0 0 1 1 1 0 1 0 0 0 0 0 1 1 1 0 1 0 0 1 0 0  x= -0.048796 codificat: 951204 f= 1.948822950384
17:  1 0 0 1 0 0 0 0 0 1 1 1 0 0 0 1 1 0 0 0 1 1  x= 1.366563 codificat: 2366563 f= 1.499068567031
18:  0 0 1 1 1 1 0 0 0 1 1 0 1 1 0 0 1 1 0 0 1 1  x= -0.009997 codificat: 990003 f= 1.989903059991
19:  0 0 0 0 1 1 0 1 1 0 0 1 0 0 1 1 0 0 0 0 1 1  x= -0.777597 codificat: 222403 f= 0.617745905591
20:  0 1 1 0 1 1 0 0 1 1 0 1 1 1 1 1 1 0 1 1 0 1  x= 0.783789 codificat: 1783789 f= 2.169463803479

MUTATIE:
A fost modificat cromozomul: 1
A fost modificat cromozomul: 2
A fost modificat cromozomul: 3
A fost modificat cromozomul: 4
A fost modificat cromozomul: 5
A fost modificat cromozomul: 6
A fost modificat cromozomul: 7
A fost modificat cromozomul: 8
A fost modificat cromozomul: 9
A fost modificat cromozomul: 10
A fost modificat cromozomul: 11
A fost modificat cromozomul: 13
A fost modificat cromozomul: 14
A fost modificat cromozomul: 15
A fost modificat cromozomul: 17
A fost modificat cromozomul: 18
A fost modificat cromozomul: 19
A fost modificat cromozomul: 20

Populatia dupa mutatie:
 1:  1 0 0 1 1 1 1 1 1 1 0 1 1 1 1 1 1 0 1 1 0 1  x= 1.619373 codificat: 2619373 f= 0.997004086871
 2:  1 0 0 0 1 1 1 0 0 1 0 1 1 1 0 1 1 1 0 0 1 1  x= 1.332531 codificat: 2332531 f= 1.556892134039
 3:  1 0 0 1 1 1 1 1 1 1 1 1 0 0 0 0 1 1 1 0 1 0  x= 1.620474 codificat: 2620474 f= 0.994538015324
 4:  0 1 1 0 1 1 0 0 0 0 0 0 0 0 1 0 0 1 1 0 1 1  x= 0.769627 codificat: 1769627 f= 2.177301280871
 5:  0 0 1 1 1 0 1 1 1 0 0 0 1 0 1 0 1 1 0 0 0 1  x= -0.024463 codificat: 975537 f= 1.974938561631
 6:  0 0 1 1 0 1 1 1 1 1 0 1 0 1 0 0 1 1 1 1 1 1  x= -0.085249 codificat: 914751 f= 1.907483607999
 7:  0 0 1 1 1 1 0 1 1 0 0 1 0 0 0 0 0 0 0 1 0 0  x= 0.008644 codificat: 1008644 f= 2.008569281264
 8:  0 1 1 1 1 0 0 1 0 0 1 1 0 0 0 0 0 1 0 1 1 1  x= 0.985559 codificat: 1985559 f= 2.014232457519
 9:  0 1 0 1 1 1 1 1 1 1 1 1 1 0 0 0 0 0 1 1 0 1  x= 0.572365 codificat: 1572365 f= 2.244763306775
10:  0 0 0 1 1 1 1 1 0 0 0 1 0 0 0 0 1 0 0 0 0 0  x= -0.49104 codificat: 508960 f= 1.2678397184
11:  1 0 1 0 0 1 1 0 1 1 1 0 0 0 0 1 1 1 1 1 1 1  x= 1.734207 codificat: 2734207 f= 0.726733081151
12:  1 0 0 1 0 0 0 0 0 1 1 1 0 0 0 1 1 0 0 0 1 1  x= 1.366563 codificat: 2366563 f= 1.499068567031
13:  0 0 0 1 0 0 0 0 0 0 1 1 0 0 1 0 1 0 0 0 1 1  x= -0.734621 codificat: 265379 f= 0.725710986359
14:  0 1 0 1 1 1 1 1 1 1 0 0 0 1 0 0 0 0 1 1 1 1  x= 0.569039 codificat: 1569039 f= 2.245233616479
15:  0 1 1 0 0 0 0 0 1 1 1 1 0 1 0 1 1 1 1 1 0 0  x= 0.588604 codificat: 1588604 f= 2.242149331184
16:  0 0 1 1 1 0 1 0 0 0 0 0 1 1 1 0 1 0 0 1 0 0  x= -0.048796 codificat: 951204 f= 1.948822950384
17:  0 0 0 1 0 0 0 0 0 1 1 1 0 0 0 1 1 0 0 1 1 1  x= -0.730585 codificat: 269415 f= 0.735660557775
18:  0 0 1 1 1 1 1 0 0 1 1 0 1 1 1 0 1 0 0 0 1 1  x= 0.022883 codificat: 1022883 f= 2.022359368311
19:  0 0 0 0 1 1 0 1 1 0 1 1 0 0 1 1 0 0 0 0 0 1  x= -0.775551 codificat: 224449 f= 0.622969646399
20:  0 1 1 0 1 0 0 0 1 1 0 1 1 0 1 1 1 1 1 1 0 1  x= 0.718013 codificat: 1718013 f= 2.202470331831
Maximul primei generatii: 0.569039 2.245233616479
0.503263 2.249989352831
0.503263 2.249989352831
0.503263 2.249989352831
0.503263 2.249989352831
0.503263 2.249989352831
0.503263 2.249989352831
0.503263 2.249989352831
0.503263 2.249989352831
0.503263 2.249989352831
0.503263 2.249989352831
0.503263 2.249989352831
0.503263 2.249989352831
0.503263 2.249989352831
0.503263 2.249989352831
0.503263 2.249989352831
0.503263 2.249989352831
0.503263 2.249989352831
0.503263 2.249989352831
0.503263 2.249989352831
0.503263 2.249989352831
0.503263 2.249989352831
0.503263 2.249989352831
0.503263 2.249989352831
0.503263 2.249989352831
0.503263 2.249989352831
0.503263 2.249989352831
0.503263 2.249989352831
0.503263 2.249989352831
0.503263 2.249989352831
0.503263 2.249989352831
0.503263 2.249989352831
0.503263 2.249989352831
0.503263 2.249989352831
0.503263 2.249989352831
0.503263 2.249989352831
0.503263 2.249989352831
0.503263 2.249989352831
0.503263 2.249989352831
0.503263 2.249989352831
0.503263 2.249989352831
0.503263 2.249989352831
0.503263 2.249989352831
0.503263 2.249989352831
0.503263 2.249989352831
0.503263 2.249989352831
0.503263 2.249989352831
0.503263 2.249989352831
0.503263 2.249989352831
0.503263 2.249989352831

Process finished with exit code 0
