Date de intrate:
20
-1 2
-1 1 2
6
0.25
0.2
50


Populatia initiala:
 1:  0 1 1 0 0 1 1 0 1 1 1 0 0 1 0 1 1 1 1 0 0 1  x= 0.685881 codificat: 1685881 f= 2.215448253839
 2:  1 0 0 0 0 1 0 1 0 0 0 0 1 0 1 0 1 0 0 0 1 0  x= 1.179746 codificat: 2179746 f= 1.787945375484
 3:  0 0 1 1 1 1 1 1 1 1 0 0 1 1 0 1 1 1 1 0 0 1  x= 0.045369 codificat: 1045369 f= 2.043310653839
 4:  1 0 1 0 0 1 1 1 1 0 1 0 1 1 1 0 0 0 1 1 0 0  x= 1.747276 codificat: 2747276 f= 0.694302579824
 5:  0 0 0 0 0 0 0 1 0 0 0 1 1 1 1 1 0 1 0 1 0 0  x= -0.981612 codificat: 18388 f= 0.0548258814559999
 6:  0 1 1 0 1 1 0 0 1 1 0 1 1 1 1 1 1 0 1 1 0 1  x= 0.783789 codificat: 1783789 f= 2.169463803479
 7:  1 0 0 1 1 1 1 1 1 1 0 0 0 0 0 0 0 1 1 0 1 1  x= 1.617371 codificat: 2617371 f= 1.001482048359
 8:  0 1 0 1 1 1 1 0 0 1 1 0 1 0 0 0 0 1 1 1 1 1  x= 0.546783 codificat: 1546783 f= 2.247811350911
 9:  1 0 1 0 1 1 1 1 1 0 1 0 1 1 1 1 1 1 0 1 1 0  x= 1.878454 codificat: 2878454 f= 0.349864569884
10:  1 0 1 1 0 0 1 0 1 0 1 0 0 0 1 1 0 0 0 1 0 0  x= 1.926788 codificat: 2926788 f= 0.214276003056
11:  0 0 0 1 1 1 1 1 0 0 0 1 0 0 0 0 1 0 0 0 0 0  x= -0.49104 codificat: 508960 f= 1.2678397184
12:  0 1 1 1 1 0 0 1 0 0 1 1 0 0 0 0 1 1 0 1 1 1  x= 0.985591 codificat: 1985591 f= 2.014201380719
13:  0 0 1 1 1 0 1 0 0 0 0 0 1 1 1 0 1 0 0 1 0 0  x= -0.048796 codificat: 951204 f= 1.948822950384
14:  0 1 1 0 0 0 0 0 1 1 0 1 0 1 1 1 1 1 1 1 0 0  x= 0.586684 codificat: 1586684 f= 2.242485884144
15:  1 0 0 0 0 0 0 0 0 1 1 1 1 0 1 0 0 0 1 0 1 0  x= 1.10497 codificat: 2104970 f= 1.8840112991
16:  1 0 0 1 0 0 0 0 0 1 1 1 0 0 0 1 1 0 0 0 1 1  x= 1.366563 codificat: 2366563 f= 1.499068567031
17:  0 0 1 0 1 1 1 0 1 1 0 0 0 1 0 0 1 1 0 0 1 1  x= -0.233741 codificat: 766259 f= 1.711624144919
18:  0 0 0 0 1 1 0 1 1 0 0 1 0 0 1 1 0 0 0 0 1 1  x= -0.777597 codificat: 222403 f= 0.617745905591
19:  0 1 1 0 1 0 0 1 0 0 1 1 1 0 0 1 1 0 1 0 1 0  x= 0.72401 codificat: 1724010 f= 2.1998195199
20:  0 0 1 1 1 1 0 0 0 1 1 0 1 1 0 0 1 1 0 0 1 1  x= -0.009997 codificat: 990003 f= 1.989903059991

SELECTIE
Probabilitati de selectie:
0.0734705070455484 0.0592933069318708 0.0677619391601606 0.0230250300336776 0.00181818072383837 0.0719455330912682 0.033
2119668163991 0.074543758540962 0.0116024950265068 0.00710599607322712 0.0420451377286389 0.0667965936359996 0.064628460
6551318 0.0743671510562475 0.0624791236647311 0.0497133379328367 0.0567622798594785 0.0204861949857939 0.072952214187663
5 0.0659907928500196

Intervale probabilitati de selectie:
0 0.0734705070455484 0.132763813977419 0.20052575313758 0.223550783171257 0.225368963895096 0.297314496986364 0.33052646
3802763 0.405070222343725 0.416672717370232 0.423778713443459 0.465823851172098 0.532620444808098 0.597248905463229 0.67
1616056519477 0.734095180184208 0.783808518117045 0.840570797976523 0.861056992962317 0.93400920714998 1

random: 0.269447922706604 selectam cromozomul: 6
random: 0.65376752614975 selectam cromozomul: 14
random: 0.915158569812775 selectam cromozomul: 19
random: 0.137638479471207 selectam cromozomul: 3
random: 0.201574757695198 selectam cromozomul: 4
random: 0.0609454624354839 selectam cromozomul: 1
random: 0.0925321206450462 selectam cromozomul: 2
random: 0.379161953926086 selectam cromozomul: 8
random: 0.243659779429436 selectam cromozomul: 6
random: 0.370983004570007 selectam cromozomul: 8
random: 0.644581437110901 selectam cromozomul: 14
random: 0.903622567653656 selectam cromozomul: 19
random: 0.248023927211761 selectam cromozomul: 6
random: 0.267555773258209 selectam cromozomul: 6
random: 0.297921687364578 selectam cromozomul: 7
random: 0.69725638628006 selectam cromozomul: 15
random: 0.256141841411591 selectam cromozomul: 6
random: 0.124942779541016 selectam cromozomul: 2
random: 0.934354662895203 selectam cromozomul: 20
random: 0.601886034011841 selectam cromozomul: 14

Populatia dupa selectie:
 1:  0 1 1 0 1 1 0 0 1 1 0 1 1 1 1 1 1 0 1 1 0 1  x= 0.783789 codificat: 1783789 f= 2.169463803479
 2:  0 1 1 0 0 0 0 0 1 1 0 1 0 1 1 1 1 1 1 1 0 0  x= 0.586684 codificat: 1586684 f= 2.242485884144
 3:  0 1 1 0 1 0 0 1 0 0 1 1 1 0 0 1 1 0 1 0 1 0  x= 0.72401 codificat: 1724010 f= 2.1998195199
 4:  0 0 1 1 1 1 1 1 1 1 0 0 1 1 0 1 1 1 1 0 0 1  x= 0.045369 codificat: 1045369 f= 2.043310653839
 5:  1 0 1 0 0 1 1 1 1 0 1 0 1 1 1 0 0 0 1 1 0 0  x= 1.747276 codificat: 2747276 f= 0.694302579824
 6:  0 1 1 0 0 1 1 0 1 1 1 0 0 1 0 1 1 1 1 0 0 1  x= 0.685881 codificat: 1685881 f= 2.215448253839
 7:  1 0 0 0 0 1 0 1 0 0 0 0 1 0 1 0 1 0 0 0 1 0  x= 1.179746 codificat: 2179746 f= 1.787945375484
 8:  0 1 0 1 1 1 1 0 0 1 1 0 1 0 0 0 0 1 1 1 1 1  x= 0.546783 codificat: 1546783 f= 2.247811350911
 9:  0 1 1 0 1 1 0 0 1 1 0 1 1 1 1 1 1 0 1 1 0 1  x= 0.783789 codificat: 1783789 f= 2.169463803479
10:  0 1 0 1 1 1 1 0 0 1 1 0 1 0 0 0 0 1 1 1 1 1  x= 0.546783 codificat: 1546783 f= 2.247811350911
11:  0 1 1 0 0 0 0 0 1 1 0 1 0 1 1 1 1 1 1 1 0 0  x= 0.586684 codificat: 1586684 f= 2.242485884144
12:  0 1 1 0 1 0 0 1 0 0 1 1 1 0 0 1 1 0 1 0 1 0  x= 0.72401 codificat: 1724010 f= 2.1998195199
13:  0 1 1 0 1 1 0 0 1 1 0 1 1 1 1 1 1 0 1 1 0 1  x= 0.783789 codificat: 1783789 f= 2.169463803479
14:  0 1 1 0 1 1 0 0 1 1 0 1 1 1 1 1 1 0 1 1 0 1  x= 0.783789 codificat: 1783789 f= 2.169463803479
15:  1 0 0 1 1 1 1 1 1 1 0 0 0 0 0 0 0 1 1 0 1 1  x= 1.617371 codificat: 2617371 f= 1.001482048359
16:  1 0 0 0 0 0 0 0 0 1 1 1 1 0 1 0 0 0 1 0 1 0  x= 1.10497 codificat: 2104970 f= 1.8840112991
17:  0 1 1 0 1 1 0 0 1 1 0 1 1 1 1 1 1 0 1 1 0 1  x= 0.783789 codificat: 1783789 f= 2.169463803479
18:  1 0 0 0 0 1 0 1 0 0 0 0 1 0 1 0 1 0 0 0 1 0  x= 1.179746 codificat: 2179746 f= 1.787945375484
19:  0 0 1 1 1 1 0 0 0 1 1 0 1 1 0 0 1 1 0 0 1 1  x= -0.009997 codificat: 990003 f= 1.989903059991
20:  0 1 1 0 0 0 0 0 1 1 0 1 0 1 1 1 1 1 1 1 0 0  x= 0.586684 codificat: 1586684 f= 2.242485884144

INCRUCISARE:
1: 0 1 1 0 1 1 0 0 1 1 0 1 1 1 1 1 1 0 1 1 0 1 nr= 0.782311499118805
2: 0 1 1 0 0 0 0 0 1 1 0 1 0 1 1 1 1 1 1 1 0 0 nr= 0.781426429748535
3: 0 1 1 0 1 0 0 1 0 0 1 1 1 0 0 1 1 0 1 0 1 0 nr= 0.394787430763245
4: 0 0 1 1 1 1 1 1 1 1 0 0 1 1 0 1 1 1 1 0 0 1 nr= 0.526627421379089
5: 1 0 1 0 0 1 1 1 1 0 1 0 1 1 1 0 0 0 1 1 0 0 nr= 0.302652060985565
6: 0 1 1 0 0 1 1 0 1 1 1 0 0 1 0 1 1 1 1 0 0 1 nr= 0.69774466753006
7: 1 0 0 0 0 1 0 1 0 0 0 0 1 0 1 0 1 0 0 0 1 0 nr= 0.129581585526466 < 0.25 => participa
8: 0 1 0 1 1 1 1 0 0 1 1 0 1 0 0 0 0 1 1 1 1 1 nr= 0.123020112514496 < 0.25 => participa
9: 0 1 1 0 1 1 0 0 1 1 0 1 1 1 1 1 1 0 1 1 0 1 nr= 0.355388045310974
10: 0 1 0 1 1 1 1 0 0 1 1 0 1 0 0 0 0 1 1 1 1 1 nr= 0.281380653381348
11: 0 1 1 0 0 0 0 0 1 1 0 1 0 1 1 1 1 1 1 1 0 0 nr= 0.350321978330612
12: 0 1 1 0 1 0 0 1 0 0 1 1 1 0 0 1 1 0 1 0 1 0 nr= 0.953978061676025
13: 0 1 1 0 1 1 0 0 1 1 0 1 1 1 1 1 1 0 1 1 0 1 nr= 0.158482626080513 < 0.25 => participa
14: 0 1 1 0 1 1 0 0 1 1 0 1 1 1 1 1 1 0 1 1 0 1 nr= 0.658223211765289
15: 1 0 0 1 1 1 1 1 1 1 0 0 0 0 0 0 0 1 1 0 1 1 nr= 0.840113520622253
16: 1 0 0 0 0 0 0 0 0 1 1 1 1 0 1 0 0 0 1 0 1 0 nr= 0.688253402709961
17: 0 1 1 0 1 1 0 0 1 1 0 1 1 1 1 1 1 0 1 1 0 1 nr= 0.151341289281845 < 0.25 => participa
18: 1 0 0 0 0 1 0 1 0 0 0 0 1 0 1 0 1 0 0 0 1 0 nr= 0.672566890716553
19: 0 0 1 1 1 1 0 0 0 1 1 0 1 1 0 0 1 1 0 0 1 1 nr= 0.078127384185791 < 0.25 => participa
20: 0 1 1 0 0 0 0 0 1 1 0 1 0 1 1 1 1 1 1 1 0 0 nr= 0.351664781570435

7 cu 8 => 1 0 0 0 0 1 0 1 0 0 0 0 1 0 1 0 1 0 0 0 1 0   0 1 0 1 1 1 1 0 0 1 1 0 1 0 0 0 0 1 1 1 1 1  breakpoint: 20
Rezultat: 0 1 0 1 1 1 1 0 0 1 1 0 1 0 0 0 0 1 1 1 1 0   1 0 0 0 0 1 0 1 0 0 0 0 1 0 1 0 1 0 0 0 1 1
13 cu 17 => 0 1 1 0 1 1 0 0 1 1 0 1 1 1 1 1 1 0 1 1 0 1   0 1 1 0 1 1 0 0 1 1 0 1 1 1 1 1 1 0 1 1 0 1  breakpoint: 11
Rezultat: 0 1 1 0 1 1 0 0 1 1 0 1 1 1 1 1 1 0 1 1 0 1   0 1 1 0 1 1 0 0 1 1 0 1 1 1 1 1 1 0 1 1 0 1

Populatia dupa incrucisare:
 1:  0 1 1 0 1 1 0 0 1 1 0 1 1 1 1 1 1 0 1 1 0 1  x= 0.783789 codificat: 1783789 f= 2.169463803479
 2:  0 1 1 0 0 0 0 0 1 1 0 1 0 1 1 1 1 1 1 1 0 0  x= 0.586684 codificat: 1586684 f= 2.242485884144
 3:  0 1 1 0 1 0 0 1 0 0 1 1 1 0 0 1 1 0 1 0 1 0  x= 0.72401 codificat: 1724010 f= 2.1998195199
 4:  0 0 1 1 1 1 1 1 1 1 0 0 1 1 0 1 1 1 1 0 0 1  x= 0.045369 codificat: 1045369 f= 2.043310653839
 5:  1 0 1 0 0 1 1 1 1 0 1 0 1 1 1 0 0 0 1 1 0 0  x= 1.747276 codificat: 2747276 f= 0.694302579824
 6:  0 1 1 0 0 1 1 0 1 1 1 0 0 1 0 1 1 1 1 0 0 1  x= 0.685881 codificat: 1685881 f= 2.215448253839
 7:  0 1 0 1 1 1 1 0 0 1 1 0 1 0 0 0 0 1 1 1 1 0  x= 0.546782 codificat: 1546782 f= 2.247811444476
 8:  1 0 0 0 0 1 0 1 0 0 0 0 1 0 1 0 1 0 0 0 1 1  x= 1.179747 codificat: 2179747 f= 1.787944015991
 9:  0 1 1 0 1 1 0 0 1 1 0 1 1 1 1 1 1 0 1 1 0 1  x= 0.783789 codificat: 1783789 f= 2.169463803479
10:  0 1 0 1 1 1 1 0 0 1 1 0 1 0 0 0 0 1 1 1 1 1  x= 0.546783 codificat: 1546783 f= 2.247811350911
11:  0 1 1 0 0 0 0 0 1 1 0 1 0 1 1 1 1 1 1 1 0 0  x= 0.586684 codificat: 1586684 f= 2.242485884144
12:  0 1 1 0 1 0 0 1 0 0 1 1 1 0 0 1 1 0 1 0 1 0  x= 0.72401 codificat: 1724010 f= 2.1998195199
13:  0 1 1 0 1 1 0 0 1 1 0 1 1 1 1 1 1 0 1 1 0 1  x= 0.783789 codificat: 1783789 f= 2.169463803479
14:  0 1 1 0 1 1 0 0 1 1 0 1 1 1 1 1 1 0 1 1 0 1  x= 0.783789 codificat: 1783789 f= 2.169463803479
15:  1 0 0 1 1 1 1 1 1 1 0 0 0 0 0 0 0 1 1 0 1 1  x= 1.617371 codificat: 2617371 f= 1.001482048359
16:  1 0 0 0 0 0 0 0 0 1 1 1 1 0 1 0 0 0 1 0 1 0  x= 1.10497 codificat: 2104970 f= 1.8840112991
17:  0 1 1 0 1 1 0 0 1 1 0 1 1 1 1 1 1 0 1 1 0 1  x= 0.783789 codificat: 1783789 f= 2.169463803479
18:  1 0 0 0 0 1 0 1 0 0 0 0 1 0 1 0 1 0 0 0 1 0  x= 1.179746 codificat: 2179746 f= 1.787945375484
19:  0 0 1 1 1 1 0 0 0 1 1 0 1 1 0 0 1 1 0 0 1 1  x= -0.009997 codificat: 990003 f= 1.989903059991
20:  0 1 1 0 0 0 0 0 1 1 0 1 0 1 1 1 1 1 1 1 0 0  x= 0.586684 codificat: 1586684 f= 2.242485884144

MUTATIE:
A fost modificat cromozomul: 1
A fost modificat cromozomul: 2
A fost modificat cromozomul: 3
A fost modificat cromozomul: 4
A fost modificat cromozomul: 5
A fost modificat cromozomul: 6
A fost modificat cromozomul: 7
A fost modificat cromozomul: 8
A fost modificat cromozomul: 9
A fost modificat cromozomul: 10
A fost modificat cromozomul: 11
A fost modificat cromozomul: 12
A fost modificat cromozomul: 13
A fost modificat cromozomul: 14
A fost modificat cromozomul: 15
A fost modificat cromozomul: 16
A fost modificat cromozomul: 17
A fost modificat cromozomul: 18
A fost modificat cromozomul: 19
A fost modificat cromozomul: 20

Populatia dupa mutatie:
 1:  0 1 1 1 1 0 1 0 1 1 0 1 1 1 1 1 1 1 1 1 0 1  x= 1.013181 codificat: 2013181 f= 1.986645261239
 2:  0 1 1 0 1 1 0 0 1 1 1 1 0 1 0 1 0 1 1 1 0 1  x= 0.785181 codificat: 1785181 f= 2.168671797239
 3:  0 1 1 0 1 0 0 1 0 0 1 1 1 0 0 1 1 0 1 0 1 0  x= 0.72401 codificat: 1724010 f= 2.1998195199
 4:  0 0 1 0 1 1 1 0 1 1 1 0 1 1 0 1 0 0 1 0 0 1  x= -0.231159 codificat: 768841 f= 1.715406516719
 5:  1 0 0 0 0 1 0 1 1 0 1 0 1 1 0 1 0 0 1 1 0 1  x= 1.190157 codificat: 2190157 f= 1.773683315351
 6:  0 1 1 0 0 0 1 0 1 1 1 0 1 1 0 1 1 0 1 0 0 1  x= 0.620841 codificat: 1620841 f= 2.235397452719
 7:  0 1 0 1 1 1 1 0 0 1 0 1 1 0 0 0 0 0 1 1 1 1  x= 0.545743 codificat: 1545743 f= 2.247907577951
 8:  1 0 0 1 0 1 0 1 0 0 0 0 1 0 1 0 1 1 0 0 1 1  x= 1.441907 codificat: 2441907 f= 1.362811203351
 9:  0 1 1 1 1 0 1 1 1 0 0 1 1 1 1 1 1 0 1 1 0 1  x= 1.025453 codificat: 2025453 f= 1.973899144791
10:  0 1 0 0 1 1 1 0 0 1 1 0 1 0 1 0 1 1 1 1 0 0  x= 0.284796 codificat: 1284796 f= 2.203687238384
11:  0 1 1 0 0 1 0 1 1 1 0 1 0 1 1 1 1 1 1 1 0 0  x= 0.668604 codificat: 1668604 f= 2.221572691184
12:  0 1 0 0 1 0 0 1 1 1 0 1 0 0 0 1 0 0 1 1 1 0  x= 0.209422 codificat: 1209422 f= 2.165564425916
13:  0 1 1 0 1 1 0 0 1 1 0 0 0 1 1 0 1 0 1 1 0 1  x= 0.782189 codificat: 1782189 f= 2.170369368279
14:  0 1 1 0 1 1 0 0 1 1 0 1 1 1 1 1 1 0 1 1 0 1  x= 0.783789 codificat: 1783789 f= 2.169463803479
15:  1 0 0 1 0 1 1 1 1 1 1 0 0 0 1 0 0 1 1 1 0 1  x= 1.488477 codificat: 2488477 f= 1.272913220471
16:  1 0 0 0 0 0 0 0 0 1 1 1 1 1 1 0 1 1 1 0 1 1  x= 1.105275 codificat: 2105275 f= 1.883642174375
17:  0 1 1 0 1 1 0 0 0 0 0 1 1 1 1 1 1 1 0 0 0 0  x= 0.771504 codificat: 1771504 f= 2.176285577984
18:  1 0 0 1 0 1 0 1 1 0 0 0 0 0 1 0 1 1 0 0 1 0  x= 1.449586 codificat: 2449586 f= 1.348286428604
19:  0 0 1 1 1 1 0 0 0 1 1 0 1 1 0 0 1 1 0 0 1 1  x= -0.009997 codificat: 990003 f= 1.989903059991
20:  0 1 1 0 0 0 0 0 1 1 0 1 0 1 1 1 1 1 1 1 0 0  x= 0.586684 codificat: 1586684 f= 2.242485884144
Maximul primei generatii: 0.545743 2.247907577951
0.545743 2.247907577951
0.476251 2.249435984999
0.476251 2.249435984999
0.476251 2.249435984999
0.476251 2.249435984999
0.476251 2.249435984999
0.476251 2.249435984999
0.476251 2.249435984999
0.476251 2.249435984999
0.476251 2.249435984999
0.476251 2.249435984999
0.476251 2.249435984999
0.476251 2.249435984999
0.476251 2.249435984999
0.476251 2.249435984999
0.476251 2.249435984999
0.476251 2.249435984999
0.476251 2.249435984999
0.476251 2.249435984999
0.476251 2.249435984999
0.476251 2.249435984999
0.476251 2.249435984999
0.476251 2.249435984999
0.476251 2.249435984999
0.476251 2.249435984999
0.476251 2.249435984999
0.476251 2.249435984999
0.476251 2.249435984999
0.476251 2.249435984999
0.476251 2.249435984999
0.476251 2.249435984999
0.476251 2.249435984999
0.476251 2.249435984999
0.476251 2.249435984999
0.476251 2.249435984999
0.476251 2.249435984999
0.476251 2.249435984999
0.476251 2.249435984999
0.476251 2.249435984999
0.476251 2.249435984999
0.476251 2.249435984999
0.476251 2.249435984999
0.476251 2.249435984999
0.476251 2.249435984999
0.476251 2.249435984999
0.476251 2.249435984999
0.522932 2.249474123376
0.494256 2.249967006464
0.494256 2.249967006464
