Date de intrare:
20
-1 2
-1 1 2
6
0.25
0.02
50


Populatia initiala:
 1:  1 0 0 0 1 0 0 0 1 1 0 0 1 0 0 1 0 0 1 1 1 0  x= 1.2411 codificat: 2241102 f= 1.700767825596
 2:  0 1 1 1 0 1 1 0 0 1 1 1 0 0 1 1 0 1 1 1 1 1  x= 0.940703 codificat: 1940703 f= 2.055780865791
 3:  1 0 1 0 0 0 1 0 0 1 1 0 0 0 1 0 0 0 1 0 1 1  x= 1.660491 codificat: 2660491 f= 0.903260638919
 4:  0 1 1 1 0 1 0 0 1 1 0 1 1 0 0 0 0 1 1 1 1 0  x= 0.914398 codificat: 1914398 f= 2.078274297596
 5:  0 1 1 0 0 0 0 1 0 1 1 0 1 0 1 0 0 0 0 1 0 0  x= 0.596036 codificat: 1596036 f= 2.240777086704
 6:  0 0 1 0 0 0 1 0 1 1 1 0 1 1 1 1 1 1 0 0 1 0  x= -0.427598 codificat: 572402 f= 1.389561950396
 7:  0 0 1 1 0 0 0 1 0 0 1 0 0 1 0 1 1 1 0 1 1 1  x= -0.194761 codificat: 805239 f= 1.767307152879
 8:  0 1 1 0 1 0 0 1 1 0 0 1 0 1 1 1 0 1 1 0 1 1  x= 0.730011 codificat: 1730011 f= 2.197094939879
 9:  1 0 1 0 0 0 0 0 0 1 0 1 1 1 1 1 1 0 0 1 1 0  x= 1.627558 codificat: 2627558 f= 0.978612956636
10:  1 0 0 0 1 0 0 1 1 1 0 0 0 1 1 1 1 0 0 0 0 1  x= 1.257377 codificat: 2257377 f= 1.676380079871
11:  0 1 1 1 1 0 0 1 1 0 0 0 1 1 1 1 0 1 1 0 1 0  x= 0.991642 codificat: 1991642 f= 2.008288143836
12:  0 1 0 0 0 1 1 0 0 1 0 1 0 0 1 1 1 1 1 0 1 0  x= 0.15225 codificat: 1152250 f= 2.1290699375
13:  0 0 0 1 1 0 1 0 1 0 1 1 1 1 1 1 1 1 0 1 0 0  x= -0.56174 codificat: 438260 f= 1.1227081724
14:  1 0 1 0 0 1 0 1 0 1 1 0 0 0 0 0 0 0 0 0 0 0  x= 1.709504 codificat: 2709504 f= 0.787100073984
15:  0 1 0 0 1 0 0 1 1 1 0 0 0 0 0 0 1 1 0 1 1 0  x= 0.208374 codificat: 1208374 f= 2.164954276124
16:  0 1 1 0 1 0 1 0 1 0 0 1 0 0 1 0 0 1 0 0 1 1  x= 0.746067 codificat: 1746067 f= 2.189451031511
17:  1 0 0 1 1 1 0 1 0 0 1 1 0 1 1 0 0 1 0 0 0 0  x= 1.57576 codificat: 2575760 f= 1.0927404224
18:  0 1 1 1 1 0 0 1 1 0 0 1 1 1 1 1 0 1 0 1 0 0  x= 0.99266 codificat: 1992660 f= 2.0072861244
19:  1 0 0 0 0 0 1 0 1 0 0 0 1 0 1 0 1 0 1 0 1 0  x= 1.138794 codificat: 2138794 f= 1.841942225564
20:  0 0 0 1 0 0 1 1 0 0 1 0 1 1 0 0 1 0 1 0 1 0  x= -0.685846 codificat: 314154 f= 0.843769264284

SELECTIE
Probabilitati de selectie:
0.051266353907011 0.0619675348009187 0.0272270435083443 0.0626455557618892 0.0675438877810569 0.0418856552038512 0.05327
20531270262 0.0662271740210446 0.0294983932655867 0.0505312325197671 0.0605359586297861 0.0641766920010987 0.03384186461
80481 0.0237256081317024 0.0652583559271977 0.0659967631996914 0.0329385448032119 0.0605057546935082 0.0555217829211583
0.0254337911781012

Intervale probabilitati de selectie:
0 0.051266353907011 0.11323388870793 0.140460932216274 0.203106487978163 0.27065037575922 0.312536030963071 0.3658080840
90098 0.432035258111142 0.461533651376729 0.512064883896496 0.572600842526282 0.636777534527381 0.670619399145429 0.6943
45007277131 0.759603363204329 0.82560012640402 0.858538671207232 0.919044425900741 0.974566208821899 1

random: 0.283303320407867 selectam cromozomul: 6
random: 0.678640067577362 selectam cromozomul: 14
random: 0.315897077322006 selectam cromozomul: 7
random: 0.484786510467529 selectam cromozomul: 10
random: 0.585222959518433 selectam cromozomul: 12
random: 0.41520431637764 selectam cromozomul: 8
random: 0.173436686396599 selectam cromozomul: 4
random: 0.727988541126251 selectam cromozomul: 15
random: 0.355388045310974 selectam cromozomul: 7
random: 0.763603627681732 selectam cromozomul: 16
random: 0.676809012889862 selectam cromozomul: 14
random: 0.995880007743835 selectam cromozomul: 20
random: 0.946226358413696 selectam cromozomul: 19
random: 0.622333467006683 selectam cromozomul: 12
random: 0.763939321041107 selectam cromozomul: 16
random: 0.0748008638620377 selectam cromozomul: 2
random: 0.69811087846756 selectam cromozomul: 15
random: 0.370799899101257 selectam cromozomul: 8
random: 0.593737602233887 selectam cromozomul: 12
random: 0.0958891585469246 selectam cromozomul: 2

Populatia dupa selectie:
 1:  0 0 1 0 0 0 1 0 1 1 1 0 1 1 1 1 1 1 0 0 1 0  x= -0.427598 codificat: 572402 f= 1.389561950396
 2:  1 0 1 0 0 1 0 1 0 1 1 0 0 0 0 0 0 0 0 0 0 0  x= 1.709504 codificat: 2709504 f= 0.787100073984
 3:  0 0 1 1 0 0 0 1 0 0 1 0 0 1 0 1 1 1 0 1 1 1  x= -0.194761 codificat: 805239 f= 1.767307152879
 4:  1 0 0 0 1 0 0 1 1 1 0 0 0 1 1 1 1 0 0 0 0 1  x= 1.257377 codificat: 2257377 f= 1.676380079871
 5:  0 1 0 0 0 1 1 0 0 1 0 1 0 0 1 1 1 1 1 0 1 0  x= 0.15225 codificat: 1152250 f= 2.1290699375
 6:  0 1 1 0 1 0 0 1 1 0 0 1 0 1 1 1 0 1 1 0 1 1  x= 0.730011 codificat: 1730011 f= 2.197094939879
 7:  0 1 1 1 0 1 0 0 1 1 0 1 1 0 0 0 0 1 1 1 1 0  x= 0.914398 codificat: 1914398 f= 2.078274297596
 8:  0 1 0 0 1 0 0 1 1 1 0 0 0 0 0 0 1 1 0 1 1 0  x= 0.208374 codificat: 1208374 f= 2.164954276124
 9:  0 0 1 1 0 0 0 1 0 0 1 0 0 1 0 1 1 1 0 1 1 1  x= -0.194761 codificat: 805239 f= 1.767307152879
10:  0 1 1 0 1 0 1 0 1 0 0 1 0 0 1 0 0 1 0 0 1 1  x= 0.746067 codificat: 1746067 f= 2.189451031511
11:  1 0 1 0 0 1 0 1 0 1 1 0 0 0 0 0 0 0 0 0 0 0  x= 1.709504 codificat: 2709504 f= 0.787100073984
12:  0 0 0 1 0 0 1 1 0 0 1 0 1 1 0 0 1 0 1 0 1 0  x= -0.685846 codificat: 314154 f= 0.843769264284
13:  1 0 0 0 0 0 1 0 1 0 0 0 1 0 1 0 1 0 1 0 1 0  x= 1.138794 codificat: 2138794 f= 1.841942225564
14:  0 1 0 0 0 1 1 0 0 1 0 1 0 0 1 1 1 1 1 0 1 0  x= 0.15225 codificat: 1152250 f= 2.1290699375
15:  0 1 1 0 1 0 1 0 1 0 0 1 0 0 1 0 0 1 0 0 1 1  x= 0.746067 codificat: 1746067 f= 2.189451031511
16:  0 1 1 1 0 1 1 0 0 1 1 1 0 0 1 1 0 1 1 1 1 1  x= 0.940703 codificat: 1940703 f= 2.055780865791
17:  0 1 0 0 1 0 0 1 1 1 0 0 0 0 0 0 1 1 0 1 1 0  x= 0.208374 codificat: 1208374 f= 2.164954276124
18:  0 1 1 0 1 0 0 1 1 0 0 1 0 1 1 1 0 1 1 0 1 1  x= 0.730011 codificat: 1730011 f= 2.197094939879
19:  0 1 0 0 0 1 1 0 0 1 0 1 0 0 1 1 1 1 1 0 1 0  x= 0.15225 codificat: 1152250 f= 2.1290699375
20:  0 1 1 1 0 1 1 0 0 1 1 1 0 0 1 1 0 1 1 1 1 1  x= 0.940703 codificat: 1940703 f= 2.055780865791

INCRUCISARE:
1: 0 0 1 0 0 0 1 0 1 1 1 0 1 1 1 1 1 1 0 0 1 0 nr= 0.894405961036682
2: 1 0 1 0 0 1 0 1 0 1 1 0 0 0 0 0 0 0 0 0 0 0 nr= 0.630390346050262
3: 0 0 1 1 0 0 0 1 0 0 1 0 0 1 0 1 1 1 0 1 1 1 nr= 0.388714253902435
4: 1 0 0 0 1 0 0 1 1 1 0 0 0 1 1 1 1 0 0 0 0 1 nr= 0.632404565811157
5: 0 1 0 0 0 1 1 0 0 1 0 1 0 0 1 1 1 1 1 0 1 0 nr= 0.592883110046387
6: 0 1 1 0 1 0 0 1 1 0 0 1 0 1 1 1 0 1 1 0 1 1 nr= 0.394238114356995
7: 0 1 1 1 0 1 0 0 1 1 0 1 1 0 0 0 0 1 1 1 1 0 nr= 0.16977447271347 < 0.25 => participa
8: 0 1 0 0 1 0 0 1 1 1 0 0 0 0 0 0 1 1 0 1 1 0 nr= 0.120090335607529 < 0.25 => participa
9: 0 0 1 1 0 0 0 1 0 0 1 0 0 1 0 1 1 1 0 1 1 1 nr= 0.490615546703339
10: 0 1 1 0 1 0 1 0 1 0 0 1 0 0 1 0 0 1 0 0 1 1 nr= 0.0578325763344765 < 0.25 => participa
11: 1 0 1 0 0 1 0 1 0 1 1 0 0 0 0 0 0 0 0 0 0 0 nr= 0.790124237537384
12: 0 0 0 1 0 0 1 1 0 0 1 0 1 1 0 0 1 0 1 0 1 0 nr= 0.380718410015106
13: 1 0 0 0 0 0 1 0 1 0 0 0 1 0 1 0 1 0 1 0 1 0 nr= 0.478438675403595
14: 0 1 0 0 0 1 1 0 0 1 0 1 0 0 1 1 1 1 1 0 1 0 nr= 0.380901515483856
15: 0 1 1 0 1 0 1 0 1 0 0 1 0 0 1 0 0 1 0 0 1 1 nr= 0.174138620495796 < 0.25 => participa
16: 0 1 1 1 0 1 1 0 0 1 1 1 0 0 1 1 0 1 1 1 1 1 nr= 0.530289649963379
17: 0 1 0 0 1 0 0 1 1 1 0 0 0 0 0 0 1 1 0 1 1 0 nr= 0.0408337675035 < 0.25 => participa
18: 0 1 1 0 1 0 0 1 1 0 0 1 0 1 1 1 0 1 1 0 1 1 nr= 0.912411868572235
19: 0 1 0 0 0 1 1 0 0 1 0 1 0 0 1 1 1 1 1 0 1 0 nr= 0.167638167738914 < 0.25 => participa
20: 0 1 1 1 0 1 1 0 0 1 1 1 0 0 1 1 0 1 1 1 1 1 nr= 0.0534073933959007 < 0.25 => participa

7 cu 8 => 0 1 1 1 0 1 0 0 1 1 0 1 1 0 0 0 0 1 1 1 1 0   0 1 0 0 1 0 0 1 1 1 0 0 0 0 0 0 1 1 0 1 1 0  breakpoint: 7
Rezultat: 0 1 0 0 1 0 0 0 1 1 0 1 1 0 0 0 0 1 1 1 1 0   0 1 1 1 0 1 0 1 1 1 0 0 0 0 0 0 1 1 0 1 1 0
10 cu 15 => 0 1 1 0 1 0 1 0 1 0 0 1 0 0 1 0 0 1 0 0 1 1   0 1 1 0 1 0 1 0 1 0 0 1 0 0 1 0 0 1 0 0 1 1  breakpoint: 18
Rezultat: 0 1 1 0 1 0 1 0 1 0 0 1 0 0 1 0 0 1 0 0 1 1   0 1 1 0 1 0 1 0 1 0 0 1 0 0 1 0 0 1 0 0 1 1
17 cu 19 => 0 1 0 0 1 0 0 1 1 1 0 0 0 0 0 0 1 1 0 1 1 0   0 1 0 0 0 1 1 0 0 1 0 1 0 0 1 1 1 1 1 0 1 0  breakpoint: 17
Rezultat: 0 1 0 0 0 1 1 0 0 1 0 1 0 0 1 1 1 1 0 1 1 0   0 1 0 0 1 0 0 1 1 1 0 0 0 0 0 0 1 1 1 0 1 0

Populatia dupa incrucisare:
 1:  0 0 1 0 0 0 1 0 1 1 1 0 1 1 1 1 1 1 0 0 1 0  x= -0.427598 codificat: 572402 f= 1.389561950396
 2:  1 0 1 0 0 1 0 1 0 1 1 0 0 0 0 0 0 0 0 0 0 0  x= 1.709504 codificat: 2709504 f= 0.787100073984
 3:  0 0 1 1 0 0 0 1 0 0 1 0 0 1 0 1 1 1 0 1 1 1  x= -0.194761 codificat: 805239 f= 1.767307152879
 4:  1 0 0 0 1 0 0 1 1 1 0 0 0 1 1 1 1 0 0 0 0 1  x= 1.257377 codificat: 2257377 f= 1.676380079871
 5:  0 1 0 0 0 1 1 0 0 1 0 1 0 0 1 1 1 1 1 0 1 0  x= 0.15225 codificat: 1152250 f= 2.1290699375
 6:  0 1 1 0 1 0 0 1 1 0 0 1 0 1 1 1 0 1 1 0 1 1  x= 0.730011 codificat: 1730011 f= 2.197094939879
 7:  0 1 0 0 1 0 0 0 1 1 0 1 1 0 0 0 0 1 1 1 1 0  x= 0.193502 codificat: 1193502 f= 2.156058975996
 8:  0 1 1 1 0 1 0 1 1 1 0 0 0 0 0 0 1 1 0 1 1 0  x= 0.92927 codificat: 1929270 f= 2.0657272671
 9:  0 0 1 1 0 0 0 1 0 0 1 0 0 1 0 1 1 1 0 1 1 1  x= -0.194761 codificat: 805239 f= 1.767307152879
10:  0 1 1 0 1 0 1 0 1 0 0 1 0 0 1 0 0 1 0 0 1 1  x= 0.746067 codificat: 1746067 f= 2.189451031511
11:  1 0 1 0 0 1 0 1 0 1 1 0 0 0 0 0 0 0 0 0 0 0  x= 1.709504 codificat: 2709504 f= 0.787100073984
12:  0 0 0 1 0 0 1 1 0 0 1 0 1 1 0 0 1 0 1 0 1 0  x= -0.685846 codificat: 314154 f= 0.843769264284
13:  1 0 0 0 0 0 1 0 1 0 0 0 1 0 1 0 1 0 1 0 1 0  x= 1.138794 codificat: 2138794 f= 1.841942225564
14:  0 1 0 0 0 1 1 0 0 1 0 1 0 0 1 1 1 1 1 0 1 0  x= 0.15225 codificat: 1152250 f= 2.1290699375
15:  0 1 1 0 1 0 1 0 1 0 0 1 0 0 1 0 0 1 0 0 1 1  x= 0.746067 codificat: 1746067 f= 2.189451031511
16:  0 1 1 1 0 1 1 0 0 1 1 1 0 0 1 1 0 1 1 1 1 1  x= 0.940703 codificat: 1940703 f= 2.055780865791
17:  0 1 0 0 0 1 1 0 0 1 0 1 0 0 1 1 1 1 0 1 1 0  x= 0.152246 codificat: 1152246 f= 2.129067155484
18:  0 1 1 0 1 0 0 1 1 0 0 1 0 1 1 1 0 1 1 0 1 1  x= 0.730011 codificat: 1730011 f= 2.197094939879
19:  0 1 0 0 1 0 0 1 1 1 0 0 0 0 0 0 1 1 1 0 1 0  x= 0.208378 codificat: 1208378 f= 2.164956609116
20:  0 1 1 1 0 1 1 0 0 1 1 1 0 0 1 1 0 1 1 1 1 1  x= 0.940703 codificat: 1940703 f= 2.055780865791

MUTATIE:
A fost modificat cromozomul: 4
A fost modificat cromozomul: 6
A fost modificat cromozomul: 7
A fost modificat cromozomul: 9
A fost modificat cromozomul: 12
A fost modificat cromozomul: 13
A fost modificat cromozomul: 14
A fost modificat cromozomul: 16
A fost modificat cromozomul: 17
A fost modificat cromozomul: 19
A fost modificat cromozomul: 20

Populatia dupa mutatie:
 1:  0 0 1 0 0 0 1 0 1 1 1 0 1 1 1 1 1 1 0 0 1 0  x= -0.427598 codificat: 572402 f= 1.389561950396
 2:  1 0 1 0 0 1 0 1 0 1 1 0 0 0 0 0 0 0 0 0 0 0  x= 1.709504 codificat: 2709504 f= 0.787100073984
 3:  0 0 1 1 0 0 0 1 0 0 1 0 0 1 0 1 1 1 0 1 1 1  x= -0.194761 codificat: 805239 f= 1.767307152879
 4:  0 0 0 0 1 1 0 1 1 1 0 0 0 1 1 1 0 0 0 0 0 1  x= -0.774271 codificat: 225729 f= 0.626233418559
 5:  0 1 0 0 0 1 1 0 0 1 0 1 0 0 1 1 1 1 1 0 1 0  x= 0.15225 codificat: 1152250 f= 2.1290699375
 6:  0 1 1 0 1 0 0 1 1 0 0 1 0 1 1 1 0 1 1 0 1 0  x= 0.73001 codificat: 1730010 f= 2.1970953999
 7:  0 1 0 0 1 0 0 0 1 1 0 1 1 0 0 0 0 0 1 1 1 0  x= 0.193486 codificat: 1193486 f= 2.156049167804
 8:  0 1 1 1 0 1 0 1 1 1 0 0 0 0 0 0 1 1 0 1 1 0  x= 0.92927 codificat: 1929270 f= 2.0657272671
 9:  0 0 1 1 0 0 0 0 0 0 1 0 0 1 0 1 1 1 0 1 1 1  x= -0.211145 codificat: 788855 f= 1.744272788975
10:  0 1 1 0 1 0 1 0 1 0 0 1 0 0 1 0 0 1 0 0 1 1  x= 0.746067 codificat: 1746067 f= 2.189451031511
11:  1 0 1 0 0 1 0 1 0 1 1 0 0 0 0 0 0 0 0 0 0 0  x= 1.709504 codificat: 2709504 f= 0.787100073984
12:  0 0 0 1 0 0 1 1 0 0 1 0 1 1 0 0 1 0 1 1 1 0  x= -0.685842 codificat: 314158 f= 0.843778751036
13:  1 0 0 1 0 0 1 0 1 0 0 0 1 0 1 0 1 0 1 0 1 0  x= 1.400938 codificat: 2400938 f= 1.438310720156
14:  0 1 0 0 0 1 1 0 1 1 0 1 0 0 1 1 1 1 1 0 1 0  x= 0.160442 codificat: 1160442 f= 2.134700364636
15:  0 1 1 0 1 0 1 0 1 0 0 1 0 0 1 0 0 1 0 0 1 1  x= 0.746067 codificat: 1746067 f= 2.189451031511
16:  0 1 1 1 0 1 1 1 0 1 1 1 0 0 1 1 0 1 1 1 1 1  x= 0.957087 codificat: 1957087 f= 2.041071474431
17:  0 1 0 0 1 1 1 0 0 1 0 1 0 0 1 1 1 1 0 1 1 0  x= 0.283318 codificat: 1283318 f= 2.203048910876
18:  0 1 1 0 1 0 0 1 1 0 0 1 0 1 1 1 0 1 1 0 1 1  x= 0.730011 codificat: 1730011 f= 2.197094939879
19:  0 1 0 0 1 0 0 1 1 1 0 1 0 0 0 0 1 1 1 0 1 0  x= 0.209402 codificat: 1209402 f= 2.165552802396
20:  0 1 1 1 0 1 1 0 0 1 1 1 1 0 1 1 0 1 1 1 1 1  x= 0.941215 codificat: 1941215 f= 2.055329323775
Maximul primei generatii: 0.283318 2.203048910876
0.620494 2.235481195964
0.620494 2.235481195964
0.620494 2.235481195964
0.620494 2.235481195964
0.620492 2.235481677936
0.620492 2.235481677936
0.620492 2.235481677936
0.620492 2.235481677936
0.620492 2.235481677936
0.620492 2.235481677936
0.620492 2.235481677936
0.620492 2.235481677936
0.620492 2.235481677936
0.620492 2.235481677936
0.620492 2.235481677936
0.620492 2.235481677936
0.620492 2.235481677936
0.620492 2.235481677936
0.620492 2.235481677936
0.620492 2.235481677936
0.620492 2.235481677936
0.620492 2.235481677936
0.620492 2.235481677936
0.620492 2.235481677936
0.620492 2.235481677936
0.620492 2.235481677936
0.620492 2.235481677936
0.620492 2.235481677936
0.620492 2.235481677936
0.620492 2.235481677936
0.620492 2.235481677936
0.620492 2.235481677936
0.620492 2.235481677936
0.620492 2.235481677936
0.620492 2.235481677936
0.620492 2.235481677936
0.620492 2.235481677936
0.620492 2.235481677936
0.620492 2.235481677936
0.620492 2.235481677936
0.620492 2.235481677936
0.620492 2.235481677936
0.620492 2.235481677936
0.620492 2.235481677936
0.620492 2.235481677936
0.620492 2.235481677936
0.620492 2.235481677936
0.620492 2.235481677936
0.620492 2.235481677936
