Date de intrare:
20
-1 2
-1 1 2
6
0.25
0.2
50


Populatia initiala:
 1:  0 1 1 0 0 1 1 0 1 1 1 0 0 1 0 1 1 1 1 0 0 1  x= 0.685881 codificat: 1685881 f= 2.215448253839
 2:  1 0 0 0 0 1 0 1 0 0 0 0 1 0 1 0 1 0 0 0 1 0  x= 1.179746 codificat: 2179746 f= 1.787945375484
 3:  0 0 1 1 1 1 1 1 1 1 0 0 1 1 0 1 1 1 1 0 0 1  x= 0.045369 codificat: 1045369 f= 2.043310653839
 4:  1 0 1 0 0 1 1 1 1 0 1 0 1 1 1 0 0 0 1 1 0 0  x= 1.747276 codificat: 2747276 f= 0.694302579824
 5:  0 0 0 0 0 0 0 1 0 0 0 1 1 1 1 1 0 1 0 1 0 0  x= -0.981612 codificat: 18388 f= 0.0548258814559999
 6:  0 1 1 0 1 1 0 0 1 1 0 1 1 1 1 1 1 0 1 1 0 1  x= 0.783789 codificat: 1783789 f= 2.169463803479
 7:  1 0 0 1 1 1 1 1 1 1 0 0 0 0 0 0 0 1 1 0 1 1  x= 1.617371 codificat: 2617371 f= 1.001482048359
 8:  0 1 0 1 1 1 1 0 0 1 1 0 1 0 0 0 0 1 1 1 1 1  x= 0.546783 codificat: 1546783 f= 2.247811350911
 9:  1 0 1 0 1 1 1 1 1 0 1 0 1 1 1 1 1 1 0 1 1 0  x= 1.878454 codificat: 2878454 f= 0.349864569884
10:  1 0 1 1 0 0 1 0 1 0 1 0 0 0 1 1 0 0 0 1 0 0  x= 1.926788 codificat: 2926788 f= 0.214276003056
11:  0 0 0 1 1 1 1 1 0 0 0 1 0 0 0 0 1 0 0 0 0 0  x= -0.49104 codificat: 508960 f= 1.2678397184
12:  0 1 1 1 1 0 0 1 0 0 1 1 0 0 0 0 1 1 0 1 1 1  x= 0.985591 codificat: 1985591 f= 2.014201380719
13:  0 0 1 1 1 0 1 0 0 0 0 0 1 1 1 0 1 0 0 1 0 0  x= -0.048796 codificat: 951204 f= 1.948822950384
14:  0 1 1 0 0 0 0 0 1 1 0 1 0 1 1 1 1 1 1 1 0 0  x= 0.586684 codificat: 1586684 f= 2.242485884144
15:  1 0 0 0 0 0 0 0 0 1 1 1 1 0 1 0 0 0 1 0 1 0  x= 1.10497 codificat: 2104970 f= 1.8840112991
16:  1 0 0 1 0 0 0 0 0 1 1 1 0 0 0 1 1 0 0 0 1 1  x= 1.366563 codificat: 2366563 f= 1.499068567031
17:  0 0 1 0 1 1 1 0 1 1 0 0 0 1 0 0 1 1 0 0 1 1  x= -0.233741 codificat: 766259 f= 1.711624144919
18:  0 0 0 0 1 1 0 1 1 0 0 1 0 0 1 1 0 0 0 0 1 1  x= -0.777597 codificat: 222403 f= 0.617745905591
19:  0 1 1 0 1 0 0 1 0 0 1 1 1 0 0 1 1 0 1 0 1 0  x= 0.72401 codificat: 1724010 f= 2.1998195199
20:  0 0 1 1 1 1 0 0 0 1 1 0 1 1 0 0 1 1 0 0 1 1  x= -0.009997 codificat: 990003 f= 1.989903059991

SELECTIE
Probabilitati de selectie:
0.0734705070455484 0.0592933069318708 0.0677619391601606 0.0230250300336776 0.00181818072383837 0.0719455330912682 0.033
2119668163991 0.074543758540962 0.0116024950265068 0.00710599607322712 0.0420451377286389 0.0667965936359996 0.064628460
6551318 0.0743671510562475 0.0624791236647311 0.0497133379328367 0.0567622798594785 0.0204861949857939 0.072952214187663
5 0.0659907928500196

Intervale probabilitati de selectie:
0 0.0734705070455484 0.132763813977419 0.20052575313758 0.223550783171257 0.225368963895096 0.297314496986364 0.33052646
3802763 0.405070222343725 0.416672717370232 0.423778713443459 0.465823851172098 0.532620444808098 0.597248905463229 0.67
1616056519477 0.734095180184208 0.783808518117045 0.840570797976523 0.861056992962317 0.93400920714998 1

random: 0.224799335002899 selectam cromozomul: 5
random: 0.702902317047119 selectam cromozomul: 15
random: 0.678426444530487 selectam cromozomul: 15
random: 0.147007659077644 selectam cromozomul: 3
random: 0.182012394070625 selectam cromozomul: 3
random: 0.375194549560547 selectam cromozomul: 8
random: 0.539506196975708 selectam cromozomul: 13
random: 0.400524914264679 selectam cromozomul: 8
random: 0.499252289533615 selectam cromozomul: 12
random: 0.426587730646133 selectam cromozomul: 11
random: 0.666737854480743 selectam cromozomul: 14
random: 0.301400810480118 selectam cromozomul: 7
random: 0.568102061748505 selectam cromozomul: 13
random: 0.0482497625052929 selectam cromozomul: 1
random: 0.889492452144623 selectam cromozomul: 19
random: 0.653035044670105 selectam cromozomul: 14
random: 0.603900253772736 selectam cromozomul: 14
random: 0.217566460371017 selectam cromozomul: 4
random: 0.904995858669281 selectam cromozomul: 19
random: 0.975524127483368 selectam cromozomul: 20

Populatia dupa selectie:
 1:  0 0 0 0 0 0 0 1 0 0 0 1 1 1 1 1 0 1 0 1 0 0  x= -0.981612 codificat: 18388 f= 0.0548258814559999
 2:  1 0 0 0 0 0 0 0 0 1 1 1 1 0 1 0 0 0 1 0 1 0  x= 1.10497 codificat: 2104970 f= 1.8840112991
 3:  1 0 0 0 0 0 0 0 0 1 1 1 1 0 1 0 0 0 1 0 1 0  x= 1.10497 codificat: 2104970 f= 1.8840112991
 4:  0 0 1 1 1 1 1 1 1 1 0 0 1 1 0 1 1 1 1 0 0 1  x= 0.045369 codificat: 1045369 f= 2.043310653839
 5:  0 0 1 1 1 1 1 1 1 1 0 0 1 1 0 1 1 1 1 0 0 1  x= 0.045369 codificat: 1045369 f= 2.043310653839
 6:  0 1 0 1 1 1 1 0 0 1 1 0 1 0 0 0 0 1 1 1 1 1  x= 0.546783 codificat: 1546783 f= 2.247811350911
 7:  0 0 1 1 1 0 1 0 0 0 0 0 1 1 1 0 1 0 0 1 0 0  x= -0.048796 codificat: 951204 f= 1.948822950384
 8:  0 1 0 1 1 1 1 0 0 1 1 0 1 0 0 0 0 1 1 1 1 1  x= 0.546783 codificat: 1546783 f= 2.247811350911
 9:  0 1 1 1 1 0 0 1 0 0 1 1 0 0 0 0 1 1 0 1 1 1  x= 0.985591 codificat: 1985591 f= 2.014201380719
10:  0 0 0 1 1 1 1 1 0 0 0 1 0 0 0 0 1 0 0 0 0 0  x= -0.49104 codificat: 508960 f= 1.2678397184
11:  0 1 1 0 0 0 0 0 1 1 0 1 0 1 1 1 1 1 1 1 0 0  x= 0.586684 codificat: 1586684 f= 2.242485884144
12:  1 0 0 1 1 1 1 1 1 1 0 0 0 0 0 0 0 1 1 0 1 1  x= 1.617371 codificat: 2617371 f= 1.001482048359
13:  0 0 1 1 1 0 1 0 0 0 0 0 1 1 1 0 1 0 0 1 0 0  x= -0.048796 codificat: 951204 f= 1.948822950384
14:  0 1 1 0 0 1 1 0 1 1 1 0 0 1 0 1 1 1 1 0 0 1  x= 0.685881 codificat: 1685881 f= 2.215448253839
15:  0 1 1 0 1 0 0 1 0 0 1 1 1 0 0 1 1 0 1 0 1 0  x= 0.72401 codificat: 1724010 f= 2.1998195199
16:  0 1 1 0 0 0 0 0 1 1 0 1 0 1 1 1 1 1 1 1 0 0  x= 0.586684 codificat: 1586684 f= 2.242485884144
17:  0 1 1 0 0 0 0 0 1 1 0 1 0 1 1 1 1 1 1 1 0 0  x= 0.586684 codificat: 1586684 f= 2.242485884144
18:  1 0 1 0 0 1 1 1 1 0 1 0 1 1 1 0 0 0 1 1 0 0  x= 1.747276 codificat: 2747276 f= 0.694302579824
19:  0 1 1 0 1 0 0 1 0 0 1 1 1 0 0 1 1 0 1 0 1 0  x= 0.72401 codificat: 1724010 f= 2.1998195199
20:  0 0 1 1 1 1 0 0 0 1 1 0 1 1 0 0 1 1 0 0 1 1  x= -0.009997 codificat: 990003 f= 1.989903059991

INCRUCISARE:
1: 0 0 0 0 0 0 0 1 0 0 0 1 1 1 1 1 0 1 0 1 0 0 nr= 0.710959196090698
2: 1 0 0 0 0 0 0 0 0 1 1 1 1 0 1 0 0 0 1 0 1 0 nr= 0.127964109182358 < 0.25 => participa
3: 1 0 0 0 0 0 0 0 0 1 1 1 1 0 1 0 0 0 1 0 1 0 nr= 0.113956116139889 < 0.25 => participa
4: 0 0 1 1 1 1 1 1 1 1 0 0 1 1 0 1 1 1 1 0 0 1 nr= 0.623950898647308
5: 0 0 1 1 1 1 1 1 1 1 0 0 1 1 0 1 1 1 1 0 0 1 nr= 0.65263831615448
6: 0 1 0 1 1 1 1 0 0 1 1 0 1 0 0 0 0 1 1 1 1 1 nr= 0.503463864326477
7: 0 0 1 1 1 0 1 0 0 0 0 0 1 1 1 0 1 0 0 1 0 0 nr= 0.801782310009003
8: 0 1 0 1 1 1 1 0 0 1 1 0 1 0 0 0 0 1 1 1 1 1 nr= 0.869533360004425
9: 0 1 1 1 1 0 0 1 0 0 1 1 0 0 0 0 1 1 0 1 1 1 nr= 0.732871472835541
10: 0 0 0 1 1 1 1 1 0 0 0 1 0 0 0 0 1 0 0 0 0 0 nr= 0.579332888126373
11: 0 1 1 0 0 0 0 0 1 1 0 1 0 1 1 1 1 1 1 1 0 0 nr= 0.321787178516388
12: 1 0 0 1 1 1 1 1 1 1 0 0 0 0 0 0 0 1 1 0 1 1 nr= 0.975066363811493
13: 0 0 1 1 1 0 1 0 0 0 0 0 1 1 1 0 1 0 0 1 0 0 nr= 0.69515061378479
14: 0 1 1 0 0 1 1 0 1 1 1 0 0 1 0 1 1 1 1 0 0 1 nr= 0.029816584661603 < 0.25 => participa
15: 0 1 1 0 1 0 0 1 0 0 1 1 1 0 0 1 1 0 1 0 1 0 nr= 0.436658829450607
16: 0 1 1 0 0 0 0 0 1 1 0 1 0 1 1 1 1 1 1 1 0 0 nr= 0.795434415340424
17: 0 1 1 0 0 0 0 0 1 1 0 1 0 1 1 1 1 1 1 1 0 0 nr= 0.045381024479866 < 0.25 => participa
18: 1 0 1 0 0 1 1 1 1 0 1 0 1 1 1 0 0 0 1 1 0 0 nr= 0.624805450439453
19: 0 1 1 0 1 0 0 1 0 0 1 1 1 0 0 1 1 0 1 0 1 0 nr= 0.474410235881805
20: 0 0 1 1 1 1 0 0 0 1 1 0 1 1 0 0 1 1 0 0 1 1 nr= 0.935209214687347

2 cu 3 => 1 0 0 0 0 0 0 0 0 1 1 1 1 0 1 0 0 0 1 0 1 0   1 0 0 0 0 0 0 0 0 1 1 1 1 0 1 0 0 0 1 0 1 0  breakpoint: 2
Rezultat: 1 0 0 0 0 0 0 0 0 1 1 1 1 0 1 0 0 0 1 0 1 0   1 0 0 0 0 0 0 0 0 1 1 1 1 0 1 0 0 0 1 0 1 0
14 cu 17 => 0 1 1 0 0 1 1 0 1 1 1 0 0 1 0 1 1 1 1 0 0 1   0 1 1 0 0 0 0 0 1 1 0 1 0 1 1 1 1 1 1 1 0 0  breakpoint: 17
Rezultat: 0 1 1 0 0 0 0 0 1 1 0 1 0 1 1 1 1 1 1 0 0 1   0 1 1 0 0 1 1 0 1 1 1 0 0 1 0 1 1 1 1 1 0 0

Populatia dupa incrucisare:
 1:  0 0 0 0 0 0 0 1 0 0 0 1 1 1 1 1 0 1 0 1 0 0  x= -0.981612 codificat: 18388 f= 0.0548258814559999
 2:  1 0 0 0 0 0 0 0 0 1 1 1 1 0 1 0 0 0 1 0 1 0  x= 1.10497 codificat: 2104970 f= 1.8840112991
 3:  1 0 0 0 0 0 0 0 0 1 1 1 1 0 1 0 0 0 1 0 1 0  x= 1.10497 codificat: 2104970 f= 1.8840112991
 4:  0 0 1 1 1 1 1 1 1 1 0 0 1 1 0 1 1 1 1 0 0 1  x= 0.045369 codificat: 1045369 f= 2.043310653839
 5:  0 0 1 1 1 1 1 1 1 1 0 0 1 1 0 1 1 1 1 0 0 1  x= 0.045369 codificat: 1045369 f= 2.043310653839
 6:  0 1 0 1 1 1 1 0 0 1 1 0 1 0 0 0 0 1 1 1 1 1  x= 0.546783 codificat: 1546783 f= 2.247811350911
 7:  0 0 1 1 1 0 1 0 0 0 0 0 1 1 1 0 1 0 0 1 0 0  x= -0.048796 codificat: 951204 f= 1.948822950384
 8:  0 1 0 1 1 1 1 0 0 1 1 0 1 0 0 0 0 1 1 1 1 1  x= 0.546783 codificat: 1546783 f= 2.247811350911
 9:  0 1 1 1 1 0 0 1 0 0 1 1 0 0 0 0 1 1 0 1 1 1  x= 0.985591 codificat: 1985591 f= 2.014201380719
10:  0 0 0 1 1 1 1 1 0 0 0 1 0 0 0 0 1 0 0 0 0 0  x= -0.49104 codificat: 508960 f= 1.2678397184
11:  0 1 1 0 0 0 0 0 1 1 0 1 0 1 1 1 1 1 1 1 0 0  x= 0.586684 codificat: 1586684 f= 2.242485884144
12:  1 0 0 1 1 1 1 1 1 1 0 0 0 0 0 0 0 1 1 0 1 1  x= 1.617371 codificat: 2617371 f= 1.001482048359
13:  0 0 1 1 1 0 1 0 0 0 0 0 1 1 1 0 1 0 0 1 0 0  x= -0.048796 codificat: 951204 f= 1.948822950384
14:  0 1 1 0 0 0 0 0 1 1 0 1 0 1 1 1 1 1 1 0 0 1  x= 0.586681 codificat: 1586681 f= 2.242486404239
15:  0 1 1 0 1 0 0 1 0 0 1 1 1 0 0 1 1 0 1 0 1 0  x= 0.72401 codificat: 1724010 f= 2.1998195199
16:  0 1 1 0 0 0 0 0 1 1 0 1 0 1 1 1 1 1 1 1 0 0  x= 0.586684 codificat: 1586684 f= 2.242485884144
17:  0 1 1 0 0 1 1 0 1 1 1 0 0 1 0 1 1 1 1 1 0 0  x= 0.685884 codificat: 1685884 f= 2.215447138544
18:  1 0 1 0 0 1 1 1 1 0 1 0 1 1 1 0 0 0 1 1 0 0  x= 1.747276 codificat: 2747276 f= 0.694302579824
19:  0 1 1 0 1 0 0 1 0 0 1 1 1 0 0 1 1 0 1 0 1 0  x= 0.72401 codificat: 1724010 f= 2.1998195199
20:  0 0 1 1 1 1 0 0 0 1 1 0 1 1 0 0 1 1 0 0 1 1  x= -0.009997 codificat: 990003 f= 1.989903059991

MUTATIE:
A fost modificat cromozomul: 1
A fost modificat cromozomul: 2
A fost modificat cromozomul: 3
A fost modificat cromozomul: 4
A fost modificat cromozomul: 5
A fost modificat cromozomul: 6
A fost modificat cromozomul: 7
A fost modificat cromozomul: 8
A fost modificat cromozomul: 9
A fost modificat cromozomul: 10
A fost modificat cromozomul: 11
A fost modificat cromozomul: 12
A fost modificat cromozomul: 13
A fost modificat cromozomul: 14
A fost modificat cromozomul: 15
A fost modificat cromozomul: 16
A fost modificat cromozomul: 17
A fost modificat cromozomul: 18
A fost modificat cromozomul: 19
A fost modificat cromozomul: 20

Populatia dupa mutatie:
 1:  0 1 0 0 0 0 0 1 1 0 0 1 1 1 1 0 0 1 0 1 1 0  x= 0.075094 codificat: 1075094 f= 2.069454891164
 2:  1 0 1 0 0 0 1 0 0 1 0 1 1 0 0 1 0 0 1 0 1 0  x= 1.659914 codificat: 2659914 f= 0.904599512604
 3:  1 0 0 0 0 0 0 0 0 1 1 1 1 0 1 0 0 0 1 0 1 0  x= 1.10497 codificat: 2104970 f= 1.8840112991
 4:  0 0 1 0 0 1 1 1 1 1 0 0 1 1 0 1 1 1 0 0 0 1  x= -0.347855 codificat: 652145 f= 1.531141898975
 5:  1 0 0 0 0 1 0 1 1 1 0 0 1 1 1 1 1 1 1 1 0 1  x= 1.192381 codificat: 2192381 f= 1.770608550839
 6:  0 1 0 1 0 1 1 0 1 0 0 0 1 0 1 1 1 1 1 1 1 1  x= 0.417983 codificat: 1417983 f= 2.243273211711
 7:  0 0 1 1 1 0 0 0 0 0 0 1 0 1 1 1 1 0 0 1 0 0  x= -0.080988 codificat: 919012 f= 1.912452943856
 8:  0 1 0 1 1 1 1 0 0 1 1 0 1 0 0 0 0 1 1 1 1 1  x= 0.546783 codificat: 1546783 f= 2.247811350911
 9:  0 1 1 0 0 0 0 1 0 1 0 1 0 0 1 0 1 1 0 0 1 0  x= 0.594546 codificat: 1594546 f= 2.241061053884
10:  0 0 0 1 1 1 1 1 0 0 0 1 1 0 0 0 1 0 0 1 1 0  x= -0.490522 codificat: 509478 f= 1.268866167516
11:  0 1 1 0 0 0 0 0 1 1 0 1 0 1 1 1 0 0 1 1 0 0  x= 0.586636 codificat: 1586636 f= 2.242494203504
12:  1 0 0 1 1 0 0 1 0 1 0 0 1 1 0 1 0 1 1 0 1 0  x= 1.511706 codificat: 2511706 f= 1.226450969564
13:  0 0 1 1 1 0 1 0 0 0 0 0 1 1 1 0 1 0 0 1 0 0  x= -0.048796 codificat: 951204 f= 1.948822950384
14:  0 1 1 0 0 0 1 0 1 1 0 1 0 1 1 1 1 1 1 0 0 0  x= 0.619448 codificat: 1619448 f= 2.235732175296
15:  0 1 0 0 1 1 1 1 0 0 1 1 1 0 0 1 1 0 1 0 1 0  x= 0.298026 codificat: 1298026 f= 2.209206503324
16:  0 0 1 1 0 0 1 0 1 1 0 1 0 1 1 1 0 1 1 1 0 0  x= -0.167012 codificat: 832988 f= 1.805094991856
17:  0 0 0 0 1 1 0 0 1 1 1 0 0 1 0 1 1 1 1 1 0 0  x= -0.788676 codificat: 211324 f= 0.589314167024
18:  1 0 1 0 0 1 1 0 1 1 1 0 1 1 1 0 0 0 1 1 0 0  x= 1.734988 codificat: 2734988 f= 0.724804639856
19:  0 0 1 0 1 0 0 1 0 0 1 0 1 0 0 1 1 0 1 0 0 0  x= -0.325592 codificat: 674408 f= 1.568397849536
20:  0 0 1 1 1 1 0 0 0 1 1 0 1 1 0 0 1 1 0 0 1 1  x= -0.009997 codificat: 990003 f= 1.989903059991
Maximul primei generatii: 0.546783 2.247811350911
0.546783 2.247811350911
0.546783 2.247811350911
0.546783 2.247811350911
0.546783 2.247811350911
0.546783 2.247811350911
0.546783 2.247811350911
0.546783 2.247811350911
0.546783 2.247811350911
0.476728 2.249458414016
0.476728 2.249458414016
0.476728 2.249458414016
0.476728 2.249458414016
0.476728 2.249458414016
0.476728 2.249458414016
0.476728 2.249458414016
0.476728 2.249458414016
0.476728 2.249458414016
0.476728 2.249458414016
0.476728 2.249458414016
0.476728 2.249458414016
0.476728 2.249458414016
0.476728 2.249458414016
0.476728 2.249458414016
0.476728 2.249458414016
0.476728 2.249458414016
0.476728 2.249458414016
0.476728 2.249458414016
0.476728 2.249458414016
0.476728 2.249458414016
0.476728 2.249458414016
0.476728 2.249458414016
0.476728 2.249458414016
0.476728 2.249458414016
0.476728 2.249458414016
0.476728 2.249458414016
0.476728 2.249458414016
0.476728 2.249458414016
0.476728 2.249458414016
0.476728 2.249458414016
0.476728 2.249458414016
0.486444 2.249816234864
0.486444 2.249816234864
0.486444 2.249816234864
0.486444 2.249816234864
0.486444 2.249816234864
0.486444 2.249816234864
0.486444 2.249816234864
0.510252 2.249894896496
0.510252 2.249894896496
